727.0 3044.0 806.0 3076.0 ship
397.0 3070.0 805.0 3095.0 harbor
670.0 2581.0 736.0 2607.0 ship
964.0 1640.0 1069.0 1683.0 ship
1001.0 1608.0 1069.0 1638.0 ship
983.0 864.0 1006.0 910.0 ship
312.0 3883.0 673.0 3947.0 harbor
359.0 3685.0 695.0 3724.0 harbor
416.0 2889.0 825.0 2916.0 harbor
708.0 3093.0 819.0 3124.0 ship
437.0 2592.0 757.0 2629.0 harbor
485.0 2218.0 948.0 2247.0 harbor
593.0 1864.0 1003.0 2017.0 harbor
618.0 1776.0 1028.0 1895.0 harbor
670.0 1540.0 1060.0 1659.0 harbor
782.0 1274.0 1064.0 1339.0 harbor
633.0 3043.0 705.0 3071.0 ship
629.0 3719.0 686.0 3744.0 ship
580.0 3891.0 677.0 3920.0 ship
555.0 3934.0 670.0 3988.0 ship
312.0 4078.0 602.0 4110.0 harbor
528.0 4104.0 620.0 4144.0 ship
285.0 4240.0 657.0 4266.0 harbor
452.0 4260.0 494.0 4280.0 ship
522.0 4264.0 663.0 4310.0 ship
228.0 4438.0 609.0 4475.0 harbor
540.0 4473.0 606.0 4503.0 ship
748.0 4414.0 805.0 4494.0 ship
314.0 4939.0 589.0 4961.0 harbor
537.0 4916.0 590.0 4940.0 ship
306.0 5316.0 605.0 5395.0 harbor
541.0 5297.0 589.0 5325.0 ship
398.0 3188.0 739.0 3229.0 harbor
757.0 907.0 1019.0 927.0 harbor
