2753.0 2385.0 2888.0 2502.0 plane
3437.0 3391.0 3484.0 3422.0 large-vehicle
3164.0 4158.0 3195.0 4204.0 large-vehicle
2866.0 4250.0 2916.0 4283.0 large-vehicle
628.0 1654.0 644.0 1674.0 small-vehicle
633.0 1698.0 650.0 1713.0 small-vehicle
714.0 76.0 726.0 95.0 small-vehicle
731.0 82.0 744.0 101.0 small-vehicle
648.0 222.0 667.0 242.0 small-vehicle
733.0 122.0 754.0 136.0 small-vehicle
770.0 137.0 788.0 151.0 small-vehicle
806.0 153.0 827.0 168.0 small-vehicle
691.0 122.0 705.0 141.0 small-vehicle
700.0 126.0 714.0 145.0 small-vehicle
706.0 140.0 718.0 157.0 small-vehicle
924.0 106.0 945.0 122.0 small-vehicle
935.0 88.0 955.0 104.0 small-vehicle
849.0 282.0 864.0 303.0 small-vehicle
631.0 290.0 646.0 310.0 small-vehicle
607.0 324.0 621.0 341.0 small-vehicle
623.0 287.0 636.0 303.0 small-vehicle
785.0 349.0 796.0 367.0 small-vehicle
793.0 354.0 805.0 370.0 small-vehicle
817.0 361.0 830.0 376.0 small-vehicle
891.0 1021.0 903.0 1038.0 small-vehicle
3340.0 3630.0 3381.0 3658.0 large-vehicle
2763.0 2240.0 2789.0 2263.0 large-vehicle
942.0 1068.0 955.0 1086.0 small-vehicle
3550.0 1208.0 3566.0 1233.0 large-vehicle
683.0 4182.0 864.0 4345.0 plane
798.0 3915.0 976.0 4082.0 plane
925.0 3742.0 1106.0 3929.0 plane
1509.0 3987.0 1640.0 4131.0 plane
1354.0 4495.0 1508.0 4649.0 plane
2177.0 3295.0 2364.0 3459.0 plane
2905.0 2178.0 3092.0 2350.0 plane
3155.0 1804.0 3331.0 1964.0 plane
3208.0 1666.0 3388.0 1832.0 plane
2465.0 1617.0 2604.0 1782.0 plane
2782.0 1044.0 2936.0 1197.0 plane
2890.0 766.0 3043.0 917.0 plane
1932.0 1138.0 2113.0 1303.0 plane
2866.0 4091.0 3040.0 4250.0 plane
3120.0 3748.0 3234.0 3849.0 plane
3231.0 3483.0 3347.0 3585.0 plane
3340.0 3206.0 3458.0 3334.0 plane
2636.0 3756.0 2820.0 3920.0 plane
3565.0 1262.0 3608.0 1285.0 large-vehicle
3585.0 1216.0 3609.0 1250.0 large-vehicle
3570.0 1208.0 3594.0 1243.0 large-vehicle
3521.0 1204.0 3537.0 1236.0 large-vehicle
3534.0 1210.0 3550.0 1240.0 large-vehicle
909.0 1040.0 927.0 1059.0 small-vehicle
932.0 1063.0 943.0 1080.0 small-vehicle
3461.0 2690.0 3625.0 2855.0 plane
1494.0 1892.0 1506.0 1911.0 small-vehicle
1482.0 2157.0 1497.0 2176.0 small-vehicle
1460.0 1957.0 1472.0 1972.0 small-vehicle
1453.0 1834.0 1465.0 1848.0 small-vehicle
1488.0 2094.0 1501.0 2114.0 small-vehicle
1462.0 2131.0 1472.0 2145.0 small-vehicle
1046.0 3014.0 1064.0 3034.0 small-vehicle
538.0 3452.0 557.0 3467.0 small-vehicle
859.0 3768.0 879.0 3787.0 large-vehicle
869.0 3759.0 889.0 3777.0 large-vehicle
876.0 3751.0 896.0 3768.0 large-vehicle
964.0 3681.0 982.0 3706.0 large-vehicle
974.0 3674.0 996.0 3701.0 large-vehicle
998.0 3665.0 1018.0 3690.0 large-vehicle
1119.0 3632.0 1131.0 3660.0 large-vehicle
1583.0 3828.0 1604.0 3854.0 large-vehicle
2249.0 2982.0 2273.0 2997.0 large-vehicle
2249.0 2968.0 2278.0 2987.0 large-vehicle
2253.0 2956.0 2284.0 2976.0 large-vehicle
2085.0 3683.0 2121.0 3695.0 large-vehicle
2099.0 3824.0 2109.0 3847.0 large-vehicle
1061.0 1489.0 1075.0 1509.0 small-vehicle
1098.0 1517.0 1113.0 1536.0 small-vehicle
1093.0 1482.0 1105.0 1503.0 small-vehicle
1478.0 1961.0 1486.0 1975.0 small-vehicle
1498.0 1983.0 1508.0 2000.0 small-vehicle
1426.0 1907.0 1439.0 1935.0 large-vehicle
1496.0 1958.0 1507.0 1973.0 small-vehicle
620.0 1675.0 637.0 1692.0 small-vehicle
424.0 1841.0 442.0 1855.0 small-vehicle
474.0 1836.0 496.0 1852.0 small-vehicle
383.0 1874.0 398.0 1884.0 small-vehicle
399.0 1866.0 418.0 1879.0 small-vehicle
310.0 1557.0 327.0 1576.0 small-vehicle
338.0 1565.0 351.0 1584.0 small-vehicle
42.0 1837.0 63.0 1851.0 small-vehicle
106.0 1807.0 129.0 1817.0 small-vehicle
273.0 1665.0 287.0 1682.0 small-vehicle
1239.0 2689.0 1254.0 2709.0 small-vehicle
1065.0 2972.0 1082.0 2991.0 small-vehicle
1117.0 2994.0 1133.0 3013.0 small-vehicle
1083.0 2995.0 1102.0 3017.0 small-vehicle
1003.0 3064.0 1022.0 3084.0 small-vehicle
783.0 3172.0 803.0 3187.0 small-vehicle
910.0 3136.0 930.0 3151.0 small-vehicle
190.0 2698.0 203.0 2724.0 large-vehicle
225.0 2609.0 234.0 2628.0 small-vehicle
220.0 2652.0 230.0 2672.0 small-vehicle
1434.0 1941.0 1445.0 1959.0 large-vehicle
1153.0 1766.0 1170.0 1783.0 small-vehicle
1495.0 2068.0 1507.0 2086.0 small-vehicle
631.0 4322.0 813.0 4485.0 plane
