imagesource:GoogleEarth
gsd:0.146343590398
2244.0 1791.0 2254.0 1795.0 2245.0 1813.0 2238.0 1809.0 small-vehicle 1
1464.0 2131.0 1472.0 2133.0 1470.0 2145.0 1462.0 2143.0 small-vehicle 1
1122.0 1613.0 1126.0 1607.0 1142.0 1614.0 1139.0 1620.0 small-vehicle 0
163.0 1863.0 164.0 1871.0 146.0 1867.0 149.0 1860.0 small-vehicle 1
231.0 1816.0 231.0 1823.0 211.0 1823.0 211.0 1815.0 small-vehicle 1
188.0 1827.0 170.0 1826.0 171.0 1836.0 189.0 1836.0 small-vehicle 1
99.0 2259.0 95.0 2263.0 80.0 2251.0 83.0 2245.0 small-vehicle 1
233.0 2487.0 226.0 2490.0 220.0 2472.0 228.0 2470.0 small-vehicle 1
186.0 2511.0 179.0 2513.0 172.0 2493.0 179.0 2491.0 small-vehicle 1
1158.0 1145.0 1160.0 1137.0 1183.0 1145.0 1179.0 1152.0 small-vehicle 1
1150.0 1174.0 1152.0 1165.0 1170.0 1171.0 1166.0 1178.0 small-vehicle 1
1145.0 1184.0 1149.0 1176.0 1165.0 1182.0 1163.0 1190.0 small-vehicle 1
1145.0 1191.0 1148.0 1185.0 1165.0 1190.0 1163.0 1197.0 small-vehicle 1
1138.0 1209.0 1140.0 1203.0 1155.0 1208.0 1153.0 1214.0 small-vehicle 1
1133.0 1218.0 1136.0 1210.0 1151.0 1217.0 1149.0 1223.0 small-vehicle 1
1129.0 1248.0 1131.0 1242.0 1146.0 1246.0 1145.0 1253.0 small-vehicle 1
1125.0 1257.0 1129.0 1252.0 1143.0 1258.0 1141.0 1265.0 small-vehicle 1
1110.0 1154.0 1114.0 1147.0 1127.0 1155.0 1123.0 1160.0 small-vehicle 1
1106.0 1163.0 1109.0 1157.0 1122.0 1163.0 1119.0 1169.0 small-vehicle 1
1132.0 1688.0 1136.0 1681.0 1151.0 1687.0 1148.0 1693.0 small-vehicle 0
1491.0 4013.0 1489.0 4023.0 1451.0 4014.0 1454.0 4002.0 large-vehicle 0
3625.0 2731.0 3575.0 2855.0 3461.0 2808.0 3515.0 2690.0 plane 0
1131.0 3660.0 1119.0 3658.0 1120.0 3633.0 1131.0 3632.0 large-vehicle 0
538.0 3459.0 543.0 3452.0 557.0 3459.0 552.0 3467.0 small-vehicle 1
859.0 3775.0 867.0 3768.0 879.0 3781.0 871.0 3787.0 large-vehicle 0
869.0 3765.0 873.0 3759.0 889.0 3772.0 884.0 3777.0 large-vehicle 0
876.0 3756.0 883.0 3751.0 896.0 3764.0 890.0 3768.0 large-vehicle 0
964.0 3687.0 972.0 3681.0 982.0 3699.0 973.0 3706.0 large-vehicle 0
974.0 3679.0 984.0 3674.0 996.0 3695.0 987.0 3701.0 large-vehicle 0
998.0 3669.0 1007.0 3665.0 1018.0 3685.0 1008.0 3690.0 large-vehicle 0
1594.0 3828.0 1604.0 3833.0 1593.0 3854.0 1583.0 3848.0 large-vehicle 0
1098.0 1482.0 1105.0 1484.0 1102.0 1503.0 1093.0 1501.0 small-vehicle 0
2249.0 2989.0 2252.0 2982.0 2273.0 2990.0 2269.0 2997.0 large-vehicle 0
2249.0 2978.0 2251.0 2968.0 2278.0 2978.0 2274.0 2987.0 large-vehicle 1
2253.0 2965.0 2256.0 2956.0 2284.0 2967.0 2279.0 2976.0 large-vehicle 1
2085.0 3694.0 2085.0 3684.0 2121.0 3683.0 2121.0 3695.0 large-vehicle 1
2099.0 3825.0 2108.0 3824.0 2109.0 3847.0 2100.0 3847.0 large-vehicle 0
1069.0 1509.0 1061.0 1504.0 1068.0 1489.0 1075.0 1492.0 small-vehicle 0
1098.0 1520.0 1105.0 1517.0 1113.0 1534.0 1105.0 1536.0 small-vehicle 0
1102.0 1174.0 1105.0 1168.0 1118.0 1172.0 1116.0 1179.0 small-vehicle 1
1086.0 1214.0 1088.0 1208.0 1105.0 1215.0 1103.0 1220.0 small-vehicle 1
1083.0 1225.0 1084.0 1217.0 1103.0 1222.0 1099.0 1230.0 small-vehicle 1
938.0 1426.0 946.0 1430.0 940.0 1441.0 933.0 1439.0 small-vehicle 1
815.0 1229.0 805.0 1227.0 814.0 1213.0 821.0 1216.0 small-vehicle 1
824.0 1231.0 815.0 1228.0 822.0 1218.0 830.0 1220.0 small-vehicle 1
1018.0 1457.0 1025.0 1461.0 1018.0 1476.0 1012.0 1475.0 small-vehicle 1
991.0 1448.0 999.0 1452.0 992.0 1466.0 985.0 1463.0 small-vehicle 1
972.0 1440.0 978.0 1443.0 971.0 1459.0 964.0 1456.0 small-vehicle 1
961.0 1437.0 969.0 1441.0 964.0 1453.0 958.0 1450.0 small-vehicle 1
953.0 1432.0 961.0 1433.0 956.0 1447.0 948.0 1445.0 small-vehicle 1
1000.0 1499.0 1000.0 1494.0 1018.0 1499.0 1013.0 1505.0 small-vehicle 1
794.0 1222.0 786.0 1217.0 799.0 1204.0 805.0 1209.0 small-vehicle 1
969.0 1486.0 971.0 1480.0 986.0 1486.0 984.0 1491.0 small-vehicle 1
944.0 1477.0 945.0 1471.0 960.0 1476.0 958.0 1483.0 small-vehicle 1
923.0 1469.0 927.0 1460.0 940.0 1467.0 936.0 1474.0 small-vehicle 1
893.0 1456.0 896.0 1451.0 912.0 1456.0 909.0 1463.0 small-vehicle 1
1225.0 1470.0 1218.0 1467.0 1223.0 1454.0 1231.0 1456.0 small-vehicle 1
1206.0 1465.0 1199.0 1463.0 1206.0 1446.0 1212.0 1449.0 small-vehicle 1
1112.0 1297.0 1115.0 1290.0 1130.0 1297.0 1128.0 1304.0 small-vehicle 1
801.0 1226.0 795.0 1219.0 806.0 1209.0 813.0 1213.0 small-vehicle 1
864.0 1310.0 872.0 1313.0 866.0 1329.0 858.0 1325.0 small-vehicle 1
1077.0 1233.0 1082.0 1227.0 1099.0 1232.0 1096.0 1240.0 small-vehicle 1
1000.0 1227.0 994.0 1223.0 1000.0 1208.0 1008.0 1211.0 small-vehicle 1
1083.0 1260.0 1076.0 1256.0 1083.0 1242.0 1090.0 1245.0 small-vehicle 1
1062.0 1252.0 1054.0 1248.0 1060.0 1235.0 1069.0 1237.0 small-vehicle 1
1050.0 1249.0 1044.0 1246.0 1051.0 1230.0 1060.0 1234.0 small-vehicle 1
1042.0 1245.0 1034.0 1241.0 1042.0 1226.0 1050.0 1230.0 small-vehicle 1
1032.0 1241.0 1024.0 1238.0 1032.0 1223.0 1040.0 1228.0 small-vehicle 1
1020.0 1236.0 1013.0 1231.0 1020.0 1217.0 1029.0 1220.0 small-vehicle 1
1009.0 1231.0 1000.0 1228.0 1010.0 1212.0 1018.0 1215.0 small-vehicle 1
991.0 1223.0 985.0 1220.0 991.0 1205.0 999.0 1209.0 small-vehicle 1
872.0 1291.0 878.0 1294.0 872.0 1307.0 866.0 1304.0 small-vehicle 1
984.0 1220.0 976.0 1216.0 982.0 1200.0 990.0 1203.0 small-vehicle 1
975.0 1218.0 969.0 1214.0 975.0 1199.0 982.0 1202.0 small-vehicle 1
967.0 1212.0 957.0 1209.0 965.0 1195.0 975.0 1199.0 small-vehicle 1
928.0 1276.0 932.0 1270.0 947.0 1276.0 944.0 1284.0 small-vehicle 1
930.0 1324.0 928.0 1333.0 910.0 1329.0 912.0 1322.0 small-vehicle 1
920.0 1343.0 917.0 1352.0 903.0 1348.0 905.0 1340.0 small-vehicle 1
878.0 1270.0 886.0 1273.0 879.0 1287.0 872.0 1285.0 small-vehicle 1
1053.0 3034.0 1046.0 3027.0 1057.0 3014.0 1064.0 3020.0 small-vehicle 1
1493.0 2094.0 1501.0 2097.0 1497.0 2114.0 1488.0 2111.0 small-vehicle 1
1452.0 2297.0 1460.0 2298.0 1457.0 2315.0 1449.0 2314.0 small-vehicle 1
1453.0 1836.0 1459.0 1834.0 1465.0 1845.0 1458.0 1848.0 small-vehicle 1
3556.0 1208.0 3566.0 1210.0 3560.0 1233.0 3550.0 1228.0 large-vehicle 0
2763.0 2244.0 2771.0 2240.0 2789.0 2256.0 2781.0 2263.0 large-vehicle 0
3437.0 3402.0 3445.0 3391.0 3484.0 3409.0 3478.0 3422.0 large-vehicle 0
3340.0 3640.0 3347.0 3630.0 3381.0 3647.0 3373.0 3658.0 large-vehicle 0
3185.0 4158.0 3195.0 4161.0 3175.0 4204.0 3164.0 4199.0 large-vehicle 0
2866.0 4263.0 2870.0 4250.0 2916.0 4268.0 2912.0 4283.0 large-vehicle 0
636.0 1713.0 633.0 1706.0 646.0 1698.0 650.0 1706.0 small-vehicle 0
717.0 76.0 726.0 78.0 722.0 95.0 714.0 90.0 small-vehicle 0
737.0 82.0 744.0 84.0 739.0 101.0 731.0 98.0 small-vehicle 0
658.0 242.0 648.0 237.0 657.0 222.0 667.0 225.0 small-vehicle 1
733.0 128.0 735.0 122.0 754.0 129.0 750.0 136.0 small-vehicle 0
770.0 144.0 773.0 137.0 788.0 144.0 784.0 151.0 small-vehicle 0
806.0 160.0 809.0 153.0 827.0 161.0 823.0 168.0 small-vehicle 0
696.0 122.0 705.0 124.0 697.0 141.0 691.0 137.0 small-vehicle 0
707.0 126.0 714.0 130.0 706.0 145.0 700.0 141.0 small-vehicle 0
711.0 140.0 718.0 141.0 712.0 157.0 706.0 154.0 small-vehicle 1
917.0 124.0 920.0 117.0 938.0 124.0 933.0 131.0 small-vehicle 0
3540.0 1210.0 3550.0 1215.0 3543.0 1240.0 3534.0 1236.0 large-vehicle 0
3530.0 1204.0 3537.0 1206.0 3529.0 1236.0 3521.0 1230.0 large-vehicle 0
3582.0 1208.0 3594.0 1214.0 3581.0 1243.0 3570.0 1235.0 large-vehicle 0
2936.0 1082.0 2887.0 1197.0 2782.0 1152.0 2835.0 1044.0 plane 0
683.0 4294.0 734.0 4182.0 864.0 4227.0 820.0 4345.0 plane 0
798.0 4027.0 840.0 3915.0 976.0 3966.0 925.0 4082.0 plane 0
925.0 3806.0 1031.0 3742.0 1106.0 3869.0 1011.0 3929.0 plane 0
1620.0 3987.0 1640.0 4107.0 1539.0 4131.0 1509.0 4008.0 plane 0
1508.0 4536.0 1453.0 4649.0 1354.0 4609.0 1404.0 4495.0 plane 0
2177.0 3406.0 2221.0 3295.0 2364.0 3352.0 2309.0 3459.0 plane 0
2604.0 1759.0 2496.0 1782.0 2465.0 1644.0 2571.0 1617.0 plane 0
2998.0 917.0 2890.0 874.0 2937.0 766.0 3043.0 813.0 plane 0
3598.0 1216.0 3609.0 1219.0 3597.0 1250.0 3585.0 1246.0 large-vehicle 0
1932.0 1241.0 1976.0 1138.0 2113.0 1191.0 2066.0 1303.0 plane 0
3040.0 4145.0 2988.0 4250.0 2866.0 4201.0 2912.0 4091.0 plane 0
3234.0 3785.0 3207.0 3849.0 3120.0 3817.0 3150.0 3748.0 plane 0
3347.0 3520.0 3315.0 3585.0 3231.0 3549.0 3262.0 3483.0 plane 0
3458.0 3234.0 3418.0 3334.0 3340.0 3298.0 3387.0 3206.0 plane 0
2686.0 3920.0 2636.0 3806.0 2765.0 3756.0 2820.0 3866.0 plane 0
3602.0 1262.0 3608.0 1276.0 3571.0 1285.0 3565.0 1270.0 large-vehicle 0
924.0 113.0 926.0 106.0 945.0 115.0 942.0 122.0 small-vehicle 0
935.0 95.0 939.0 88.0 955.0 97.0 950.0 104.0 small-vehicle 1
856.0 282.0 864.0 286.0 856.0 303.0 849.0 298.0 small-vehicle 0
1434.0 1943.0 1442.0 1941.0 1445.0 1958.0 1436.0 1959.0 large-vehicle 0
1093.0 2995.0 1102.0 3000.0 1092.0 3017.0 1083.0 3010.0 small-vehicle 0
1014.0 3064.0 1022.0 3071.0 1010.0 3084.0 1003.0 3075.0 small-vehicle 0
803.0 3179.0 800.0 3187.0 783.0 3180.0 787.0 3172.0 small-vehicle 1
926.0 3136.0 930.0 3142.0 914.0 3151.0 910.0 3143.0 small-vehicle 1
190.0 2701.0 199.0 2698.0 203.0 2723.0 194.0 2724.0 large-vehicle 0
225.0 2610.0 231.0 2609.0 234.0 2626.0 227.0 2628.0 small-vehicle 0
220.0 2654.0 228.0 2652.0 230.0 2670.0 222.0 2672.0 small-vehicle 1
1153.0 1771.0 1161.0 1766.0 1170.0 1779.0 1162.0 1783.0 small-vehicle 1
1076.0 2972.0 1082.0 2976.0 1072.0 2991.0 1065.0 2985.0 small-vehicle 0
1497.0 2068.0 1507.0 2070.0 1503.0 2086.0 1495.0 2083.0 small-vehicle 1
1496.0 1959.0 1505.0 1958.0 1507.0 1971.0 1496.0 1973.0 small-vehicle 1
1498.0 1984.0 1507.0 1983.0 1508.0 1998.0 1500.0 2000.0 small-vehicle 1
1494.0 1894.0 1503.0 1892.0 1506.0 1909.0 1496.0 1911.0 small-vehicle 1
1478.0 1962.0 1486.0 1961.0 1486.0 1975.0 1478.0 1975.0 small-vehicle 1
1491.0 2157.0 1497.0 2164.0 1488.0 2176.0 1482.0 2172.0 small-vehicle 1
1461.0 1959.0 1472.0 1957.0 1471.0 1971.0 1460.0 1972.0 small-vehicle 1
1127.0 2994.0 1133.0 2999.0 1124.0 3013.0 1117.0 3007.0 small-vehicle 0
1245.0 2689.0 1254.0 2692.0 1248.0 2709.0 1239.0 2704.0 small-vehicle 1
791.0 349.0 796.0 351.0 789.0 367.0 785.0 363.0 small-vehicle 0
624.0 1692.0 620.0 1684.0 634.0 1675.0 637.0 1682.0 small-vehicle 0
799.0 354.0 805.0 357.0 799.0 370.0 793.0 368.0 small-vehicle 1
823.0 361.0 830.0 364.0 823.0 376.0 817.0 372.0 small-vehicle 1
896.0 1021.0 903.0 1024.0 898.0 1038.0 891.0 1035.0 small-vehicle 1
914.0 1059.0 909.0 1053.0 921.0 1040.0 927.0 1047.0 small-vehicle 0
948.0 1068.0 955.0 1069.0 949.0 1086.0 942.0 1084.0 small-vehicle 0
936.0 1063.0 943.0 1065.0 939.0 1080.0 932.0 1077.0 small-vehicle 1
1426.0 1910.0 1436.0 1907.0 1439.0 1934.0 1429.0 1935.0 large-vehicle 0
425.0 1855.0 424.0 1847.0 441.0 1841.0 442.0 1849.0 small-vehicle 0
281.0 1682.0 273.0 1677.0 281.0 1665.0 287.0 1668.0 small-vehicle 1
477.0 1852.0 474.0 1846.0 492.0 1836.0 496.0 1844.0 small-vehicle 1
384.0 1884.0 383.0 1878.0 396.0 1874.0 398.0 1881.0 small-vehicle 1
402.0 1879.0 399.0 1872.0 416.0 1866.0 418.0 1874.0 small-vehicle 1
319.0 1557.0 327.0 1560.0 318.0 1576.0 310.0 1573.0 small-vehicle 0
344.0 1565.0 351.0 1569.0 345.0 1584.0 338.0 1581.0 small-vehicle 1
42.0 1845.0 44.0 1837.0 63.0 1843.0 61.0 1851.0 small-vehicle 0
106.0 1815.0 108.0 1807.0 129.0 1810.0 128.0 1817.0 small-vehicle 1
1459.0 2273.0 1466.0 2275.0 1461.0 2289.0 1454.0 2287.0 small-vehicle 1
1453.0 2317.0 1458.0 2322.0 1446.0 2332.0 1439.0 2327.0 small-vehicle 1
1904.0 1603.0 1906.0 1610.0 1891.0 1612.0 1889.0 1606.0 small-vehicle 1
1116.0 1132.0 1119.0 1126.0 1135.0 1134.0 1132.0 1140.0 small-vehicle 1
675.0 1489.0 678.0 1483.0 696.0 1487.0 694.0 1495.0 small-vehicle 1
874.0 1442.0 868.0 1447.0 856.0 1434.0 863.0 1428.0 small-vehicle 1
837.0 1225.0 845.0 1226.0 844.0 1240.0 835.0 1239.0 small-vehicle 1
729.0 1196.0 732.0 1191.0 748.0 1198.0 745.0 1204.0 small-vehicle 1
1296.0 1548.0 1289.0 1547.0 1289.0 1528.0 1296.0 1528.0 small-vehicle 1
1283.0 1546.0 1275.0 1544.0 1278.0 1527.0 1285.0 1528.0 small-vehicle 1
1266.0 1473.0 1273.0 1477.0 1267.0 1491.0 1259.0 1487.0 small-vehicle 1
915.0 1709.0 918.0 1700.0 935.0 1707.0 932.0 1715.0 small-vehicle 1
1064.0 1843.0 1067.0 1837.0 1081.0 1844.0 1078.0 1851.0 small-vehicle 1
1042.0 1834.0 1044.0 1829.0 1059.0 1835.0 1056.0 1840.0 small-vehicle 1
1019.0 1825.0 1021.0 1819.0 1035.0 1826.0 1034.0 1832.0 small-vehicle 1
1002.0 1817.0 1005.0 1813.0 1017.0 1819.0 1015.0 1823.0 small-vehicle 1
980.0 1810.0 983.0 1803.0 998.0 1809.0 996.0 1816.0 small-vehicle 1
956.0 1799.0 958.0 1793.0 972.0 1799.0 969.0 1806.0 small-vehicle 1
937.0 1792.0 939.0 1787.0 953.0 1791.0 952.0 1797.0 small-vehicle 1
916.0 1784.0 919.0 1777.0 932.0 1783.0 930.0 1789.0 small-vehicle 1
898.0 1776.0 900.0 1769.0 916.0 1776.0 913.0 1782.0 small-vehicle 1
794.0 1497.0 788.0 1494.0 795.0 1479.0 802.0 1482.0 small-vehicle 1
781.0 1501.0 786.0 1506.0 774.0 1516.0 769.0 1511.0 small-vehicle 1
601.0 1697.0 605.0 1704.0 594.0 1711.0 591.0 1704.0 small-vehicle 1
907.0 1119.0 909.0 1113.0 924.0 1119.0 921.0 1126.0 small-vehicle 1
873.0 1187.0 875.0 1181.0 894.0 1189.0 892.0 1195.0 small-vehicle 1
878.0 1178.0 880.0 1171.0 897.0 1180.0 894.0 1186.0 small-vehicle 1
883.0 1171.0 884.0 1166.0 900.0 1172.0 899.0 1178.0 small-vehicle 1
907.0 1156.0 905.0 1161.0 889.0 1153.0 892.0 1148.0 small-vehicle 1
895.0 1144.0 897.0 1139.0 913.0 1146.0 910.0 1152.0 small-vehicle 1
901.0 1138.0 903.0 1132.0 918.0 1138.0 915.0 1143.0 small-vehicle 1
904.0 1129.0 908.0 1125.0 919.0 1133.0 916.0 1137.0 small-vehicle 1
910.0 1109.0 913.0 1104.0 927.0 1111.0 925.0 1116.0 small-vehicle 1
1289.0 1619.0 1287.0 1624.0 1271.0 1618.0 1274.0 1612.0 small-vehicle 1
914.0 1101.0 916.0 1095.0 930.0 1104.0 928.0 1109.0 small-vehicle 1
1093.0 1196.0 1096.0 1189.0 1110.0 1195.0 1107.0 1203.0 small-vehicle 1
1097.0 1185.0 1099.0 1179.0 1114.0 1185.0 1110.0 1192.0 small-vehicle 1
1094.0 1200.0 1106.0 1205.0 1104.0 1212.0 1092.0 1206.0 small-vehicle 1
1104.0 1446.0 1112.0 1450.0 1106.0 1465.0 1099.0 1462.0 small-vehicle 1
1046.0 1496.0 1047.0 1503.0 1030.0 1506.0 1029.0 1499.0 small-vehicle 1
1229.0 1654.0 1232.0 1649.0 1249.0 1656.0 1247.0 1662.0 small-vehicle 1
895.0 1768.0 893.0 1773.0 876.0 1768.0 879.0 1760.0 small-vehicle 1
832.0 1762.0 831.0 1754.0 847.0 1751.0 848.0 1759.0 small-vehicle 1
855.0 1762.0 856.0 1756.0 870.0 1758.0 869.0 1765.0 small-vehicle 1
864.0 3372.0 869.0 3368.0 877.0 3381.0 872.0 3385.0 small-vehicle 1
875.0 3357.0 880.0 3353.0 890.0 3366.0 885.0 3371.0 small-vehicle 1
886.0 3342.0 893.0 3337.0 905.0 3352.0 898.0 3356.0 small-vehicle 1
894.0 3336.0 900.0 3331.0 910.0 3343.0 905.0 3348.0 small-vehicle 1
902.0 3329.0 906.0 3326.0 917.0 3339.0 913.0 3342.0 small-vehicle 1
908.0 3322.0 912.0 3317.0 923.0 3327.0 917.0 3333.0 small-vehicle 1
920.0 3307.0 925.0 3304.0 934.0 3316.0 928.0 3320.0 small-vehicle 1
929.0 3303.0 935.0 3298.0 944.0 3310.0 938.0 3316.0 small-vehicle 1
1478.0 2206.0 1484.0 2207.0 1481.0 2226.0 1475.0 2225.0 small-vehicle 1
503.0 3567.0 500.0 3575.0 485.0 3571.0 488.0 3563.0 small-vehicle 1
1420.0 2216.0 1426.0 2216.0 1424.0 2232.0 1417.0 2231.0 small-vehicle 1
1469.0 2255.0 1473.0 2262.0 1460.0 2271.0 1455.0 2264.0 small-vehicle 1
1565.0 1018.0 1569.0 1010.0 1589.0 1019.0 1587.0 1027.0 small-vehicle 1
1564.0 1031.0 1568.0 1023.0 1587.0 1033.0 1583.0 1040.0 small-vehicle 1
1889.0 1553.0 1889.0 1563.0 1870.0 1566.0 1868.0 1557.0 small-vehicle 1
1893.0 1568.0 1893.0 1574.0 1877.0 1578.0 1876.0 1572.0 small-vehicle 1
1901.0 1592.0 1904.0 1598.0 1885.0 1602.0 1884.0 1595.0 small-vehicle 1
848.0 3353.0 854.0 3347.0 865.0 3364.0 857.0 3368.0 small-vehicle 1
473.0 3546.0 465.0 3538.0 479.0 3526.0 486.0 3533.0 small-vehicle 1
1127.0 2034.0 1134.0 2033.0 1139.0 2050.0 1131.0 2051.0 small-vehicle 1
787.0 2948.0 787.0 2956.0 771.0 2954.0 773.0 2947.0 small-vehicle 1
1133.0 2058.0 1139.0 2056.0 1142.0 2073.0 1136.0 2074.0 small-vehicle 1
1136.0 2078.0 1144.0 2078.0 1145.0 2093.0 1139.0 2094.0 small-vehicle 1
1140.0 2101.0 1148.0 2099.0 1151.0 2118.0 1144.0 2121.0 small-vehicle 1
1142.0 2122.0 1151.0 2121.0 1154.0 2139.0 1146.0 2140.0 small-vehicle 1
848.0 2971.0 846.0 2963.0 861.0 2961.0 862.0 2969.0 small-vehicle 1
841.0 2962.0 841.0 2968.0 824.0 2967.0 824.0 2960.0 small-vehicle 1
787.0 2959.0 789.0 2952.0 805.0 2957.0 803.0 2963.0 small-vehicle 1
893.0 3117.0 896.0 3124.0 881.0 3129.0 878.0 3122.0 small-vehicle 1
650.0 3324.0 656.0 3327.0 650.0 3340.0 644.0 3338.0 small-vehicle 1
648.0 3124.0 645.0 3129.0 629.0 3122.0 631.0 3117.0 small-vehicle 1
589.0 3149.0 586.0 3155.0 569.0 3148.0 571.0 3142.0 small-vehicle 1
929.0 3175.0 933.0 3184.0 919.0 3190.0 916.0 3182.0 small-vehicle 1
907.0 3188.0 909.0 3196.0 895.0 3200.0 893.0 3191.0 small-vehicle 1
873.0 3267.0 874.0 3275.0 856.0 3277.0 857.0 3269.0 small-vehicle 1
855.0 3268.0 854.0 3277.0 836.0 3279.0 836.0 3270.0 small-vehicle 1
660.0 3327.0 668.0 3332.0 661.0 3346.0 654.0 3342.0 small-vehicle 1
1122.0 1122.0 1124.0 1116.0 1140.0 1123.0 1138.0 1131.0 small-vehicle 1
1156.0 1159.0 1159.0 1152.0 1173.0 1158.0 1170.0 1165.0 small-vehicle 1
1444.0 2338.0 1450.0 2343.0 1441.0 2355.0 1434.0 2351.0 small-vehicle 1
1005.0 62.0 1011.0 65.0 1006.0 80.0 999.0 77.0 small-vehicle 1
1352.0 2500.0 1360.0 2503.0 1352.0 2523.0 1343.0 2519.0 small-vehicle 1
1385.0 2500.0 1395.0 2501.0 1391.0 2523.0 1382.0 2521.0 small-vehicle 1
1327.0 2504.0 1336.0 2509.0 1328.0 2525.0 1319.0 2521.0 small-vehicle 1
1331.0 2521.0 1338.0 2524.0 1333.0 2543.0 1325.0 2541.0 small-vehicle 1
1339.0 2538.0 1348.0 2544.0 1340.0 2560.0 1332.0 2555.0 small-vehicle 1
1356.0 2541.0 1363.0 2542.0 1357.0 2560.0 1351.0 2559.0 small-vehicle 1
1308.0 2545.0 1315.0 2549.0 1306.0 2566.0 1299.0 2562.0 small-vehicle 1
1336.0 2575.0 1344.0 2578.0 1337.0 2593.0 1329.0 2589.0 small-vehicle 1
1325.0 2570.0 1332.0 2571.0 1326.0 2588.0 1319.0 2586.0 small-vehicle 1
1310.0 2570.0 1319.0 2573.0 1312.0 2587.0 1303.0 2585.0 small-vehicle 1
1343.0 2598.0 1353.0 2601.0 1345.0 2616.0 1337.0 2615.0 small-vehicle 1
1324.0 2613.0 1332.0 2613.0 1333.0 2628.0 1324.0 2628.0 small-vehicle 1
1315.0 2624.0 1324.0 2631.0 1314.0 2647.0 1305.0 2643.0 small-vehicle 1
1305.0 2608.0 1314.0 2612.0 1305.0 2629.0 1299.0 2627.0 small-vehicle 1
1294.0 2634.0 1303.0 2635.0 1299.0 2654.0 1290.0 2652.0 small-vehicle 1
1323.0 2643.0 1333.0 2646.0 1326.0 2661.0 1318.0 2659.0 small-vehicle 1
1297.0 2666.0 1305.0 2670.0 1299.0 2686.0 1293.0 2683.0 small-vehicle 1
1344.0 2466.0 1352.0 2470.0 1344.0 2490.0 1334.0 2487.0 small-vehicle 1
1370.0 2482.0 1379.0 2486.0 1369.0 2504.0 1361.0 2498.0 small-vehicle 1
1403.0 2466.0 1404.0 2473.0 1387.0 2475.0 1385.0 2467.0 small-vehicle 1
1425.0 2413.0 1426.0 2421.0 1409.0 2426.0 1407.0 2418.0 small-vehicle 1
1428.0 2334.0 1436.0 2336.0 1431.0 2353.0 1424.0 2350.0 small-vehicle 1
1415.0 2329.0 1422.0 2331.0 1417.0 2345.0 1410.0 2344.0 small-vehicle 1
1407.0 2321.0 1414.0 2324.0 1407.0 2340.0 1399.0 2335.0 small-vehicle 1
1388.0 2324.0 1395.0 2325.0 1390.0 2343.0 1383.0 2339.0 small-vehicle 1
1441.0 2365.0 1445.0 2373.0 1432.0 2379.0 1426.0 2372.0 small-vehicle 1
1435.0 2379.0 1442.0 2383.0 1432.0 2396.0 1425.0 2392.0 small-vehicle 1
1431.0 2398.0 1436.0 2404.0 1424.0 2414.0 1418.0 2408.0 small-vehicle 1
1392.0 2360.0 1402.0 2360.0 1401.0 2378.0 1392.0 2377.0 small-vehicle 1
1382.0 2450.0 1389.0 2454.0 1381.0 2470.0 1373.0 2465.0 small-vehicle 1
1409.0 2356.0 1417.0 2360.0 1409.0 2373.0 1404.0 2369.0 small-vehicle 1
1400.0 2400.0 1408.0 2403.0 1403.0 2420.0 1394.0 2418.0 small-vehicle 1
1390.0 2430.0 1398.0 2435.0 1391.0 2450.0 1382.0 2446.0 small-vehicle 1
1378.0 2419.0 1385.0 2425.0 1371.0 2442.0 1363.0 2435.0 small-vehicle 1
1401.0 2443.0 1412.0 2445.0 1409.0 2464.0 1398.0 2462.0 small-vehicle 1
1353.0 2430.0 1360.0 2433.0 1353.0 2452.0 1344.0 2449.0 small-vehicle 1
1368.0 2442.0 1378.0 2444.0 1370.0 2460.0 1363.0 2458.0 small-vehicle 1
1314.0 2673.0 1320.0 2676.0 1314.0 2691.0 1306.0 2687.0 small-vehicle 1
1280.0 2681.0 1290.0 2677.0 1298.0 2695.0 1287.0 2699.0 small-vehicle 1
1282.0 2724.0 1290.0 2724.0 1290.0 2742.0 1280.0 2741.0 small-vehicle 1
2899.0 2293.0 2946.0 2176.0 3096.0 2227.0 3048.0 2349.0 plane 0
661.0 3379.0 671.0 3382.0 665.0 3398.0 656.0 3394.0 small-vehicle 0
680.0 3337.0 687.0 3339.0 682.0 3355.0 674.0 3352.0 small-vehicle 0
672.0 3331.0 680.0 3334.0 674.0 3351.0 666.0 3348.0 small-vehicle 0
617.0 3309.0 624.0 3312.0 617.0 3327.0 611.0 3325.0 small-vehicle 0
632.0 1674.0 626.0 1666.0 644.0 1657.0 647.0 1663.0 small-vehicle 1
3205.0 1787.0 3245.0 1664.0 3392.0 1709.0 3343.0 1833.0 plane 0
3150.0 1921.0 3194.0 1800.0 3336.0 1850.0 3288.0 1970.0 plane 0
2732.0 2484.0 2778.0 2355.0 2919.0 2393.0 2878.0 2526.0 plane 0
626.0 3369.0 634.0 3374.0 626.0 3387.0 619.0 3385.0 small-vehicle 0
639.0 308.0 631.0 305.0 639.0 291.0 646.0 294.0 small-vehicle 1
254.0 1604.0 310.0 1604.0 310.0 1652.0 254.0 1652.0 storage-tank 0
636.0 3335.0 626.0 3332.0 636.0 3315.0 643.0 3320.0 small-vehicle 1
1434.0 2306.0 1442.0 2308.0 1440.0 2325.0 1430.0 2322.0 small-vehicle 1
1408.0 2375.0 1420.0 2377.0 1417.0 2398.0 1405.0 2397.0 large-vehicle 1
629.0 304.0 623.0 302.0 630.0 287.0 636.0 289.0 small-vehicle 1
613.0 340.0 607.0 337.0 614.0 324.0 621.0 328.0 small-vehicle 1
634.0 3373.0 642.0 3377.0 636.0 3390.0 628.0 3388.0 small-vehicle 1
617.0 3365.0 624.0 3368.0 616.0 3384.0 610.0 3382.0 small-vehicle 0
1274.0 2743.0 1281.0 2751.0 1267.0 2762.0 1260.0 2756.0 small-vehicle 1
1166.0 2861.0 1173.0 2868.0 1159.0 2881.0 1154.0 2875.0 small-vehicle 1
1249.0 2754.0 1255.0 2755.0 1248.0 2774.0 1240.0 2771.0 small-vehicle 1
1255.0 2770.0 1263.0 2772.0 1258.0 2791.0 1250.0 2790.0 small-vehicle 1
1242.0 2799.0 1251.0 2806.0 1241.0 2818.0 1233.0 2813.0 small-vehicle 1
1230.0 2834.0 1237.0 2841.0 1224.0 2854.0 1217.0 2849.0 small-vehicle 1
1213.0 2854.0 1222.0 2858.0 1215.0 2873.0 1206.0 2869.0 small-vehicle 1
1185.0 2870.0 1195.0 2874.0 1186.0 2888.0 1178.0 2885.0 small-vehicle 1
1199.0 2887.0 1204.0 2896.0 1191.0 2905.0 1187.0 2899.0 small-vehicle 1
1158.0 2886.0 1167.0 2889.0 1159.0 2903.0 1153.0 2900.0 small-vehicle 1
607.0 3361.0 614.0 3364.0 608.0 3380.0 600.0 3378.0 small-vehicle 0
1165.0 2897.0 1175.0 2903.0 1167.0 2916.0 1159.0 2912.0 small-vehicle 1
1157.0 2932.0 1163.0 2939.0 1148.0 2950.0 1141.0 2945.0 small-vehicle 1
1142.0 2960.0 1151.0 2965.0 1142.0 2979.0 1133.0 2974.0 small-vehicle 1
899.0 3257.0 901.0 3267.0 881.0 3273.0 880.0 3264.0 small-vehicle 1
945.0 3241.0 949.0 3249.0 932.0 3257.0 927.0 3250.0 small-vehicle 1
968.0 3233.0 974.0 3238.0 960.0 3248.0 954.0 3244.0 small-vehicle 1
924.0 3250.0 926.0 3257.0 908.0 3263.0 906.0 3254.0 small-vehicle 1
631.0 4431.0 678.0 4322.0 813.0 4368.0 755.0 4485.0 plane 0
