imagesource:GoogleEarth
gsd:0.146343590398
330.0 397.0 333.0 365.0 432.0 364.0 432.0 402.0 ship 1
287.0 1552.0 277.0 1568.0 252.0 1548.0 262.0 1536.0 small-vehicle 1
602.0 4095.0 599.0 4110.0 312.0 4096.0 313.0 4078.0 harbor 0
555.0 3969.0 562.0 3934.0 670.0 3950.0 665.0 3988.0 ship 0
677.0 3899.0 674.0 3920.0 580.0 3913.0 581.0 3891.0 ship 0
686.0 3726.0 684.0 3744.0 629.0 3741.0 632.0 3719.0 ship 0
633.0 3070.0 633.0 3046.0 704.0 3043.0 705.0 3071.0 ship 0
670.0 2603.0 671.0 2581.0 735.0 2583.0 736.0 2607.0 ship 0
964.0 1661.0 969.0 1640.0 1069.0 1661.0 1063.0 1683.0 ship 0
1069.0 1621.0 1065.0 1638.0 1001.0 1624.0 1006.0 1608.0 ship 0
1001.0 910.0 983.0 909.0 986.0 864.0 1006.0 865.0 ship 0
673.0 3927.0 670.0 3947.0 312.0 3901.0 314.0 3883.0 harbor 0
695.0 3705.0 695.0 3724.0 359.0 3701.0 359.0 3685.0 harbor 0
805.0 3074.0 804.0 3095.0 397.0 3088.0 397.0 3070.0 harbor 0
824.0 2889.0 825.0 2909.0 416.0 2916.0 417.0 2900.0 harbor 0
757.0 2609.0 756.0 2629.0 437.0 2608.0 438.0 2592.0 harbor 0
1003.0 1978.0 990.0 2017.0 593.0 1898.0 604.0 1864.0 harbor 0
1028.0 1877.0 1023.0 1895.0 618.0 1795.0 624.0 1776.0 harbor 0
1060.0 1644.0 1056.0 1659.0 670.0 1554.0 673.0 1540.0 harbor 0
620.0 4110.0 617.0 4144.0 528.0 4136.0 530.0 4104.0 ship 0
657.0 4245.0 657.0 4266.0 287.0 4262.0 285.0 4240.0 harbor 0
454.0 4280.0 452.0 4263.0 492.0 4260.0 494.0 4279.0 ship 0
708.0 3122.0 708.0 3093.0 819.0 3094.0 819.0 3124.0 ship 0
331.0 1451.0 318.0 1459.0 301.0 1438.0 312.0 1429.0 small-vehicle 1
1020.0 884.0 1020.0 964.0 784.0 951.0 787.0 876.0 harbor 0
129.0 5520.0 130.0 5536.0 92.0 5542.0 91.0 5528.0 small-vehicle 0
424.0 1083.0 424.0 1097.0 389.0 1095.0 389.0 1085.0 small-vehicle 0
419.0 1062.0 419.0 1076.0 385.0 1073.0 386.0 1062.0 small-vehicle 0
966.0 2150.0 964.0 2252.0 480.0 2241.0 477.0 2148.0 harbor 0
730.0 3076.0 727.0 3049.0 803.0 3044.0 806.0 3073.0 ship 0
739.0 3188.0 739.0 3216.0 398.0 3229.0 398.0 3204.0 harbor 0
524.0 4307.0 522.0 4264.0 663.0 4264.0 663.0 4310.0 ship 0
545.0 5325.0 541.0 5304.0 587.0 5297.0 589.0 5319.0 ship 0
597.0 5316.0 605.0 5340.0 309.0 5395.0 306.0 5372.0 harbor 0
537.0 4939.0 537.0 4919.0 579.0 4916.0 590.0 4940.0 ship 0
589.0 4939.0 588.0 4961.0 314.0 4960.0 314.0 4943.0 harbor 0
776.0 4494.0 748.0 4481.0 765.0 4414.0 805.0 4428.0 ship 0
540.0 4490.0 540.0 4473.0 606.0 4474.0 600.0 4503.0 ship 0
609.0 4453.0 609.0 4475.0 230.0 4461.0 228.0 4438.0 harbor 0
1064.0 1322.0 1061.0 1339.0 782.0 1290.0 783.0 1274.0 harbor 0
