imagesource:GoogleEarth
gsd:0.113876569731
506.0 201.0 481.0 199.0 477.0 83.0 501.0 83.0 large-vehicle 0
642.0 1468.0 654.0 1467.0 653.0 1503.0 639.0 1503.0 small-vehicle 0
1169.0 805.0 1191.0 794.0 1253.0 885.0 1225.0 897.0 large-vehicle 0
1209.0 812.0 1231.0 799.0 1290.0 891.0 1265.0 904.0 large-vehicle 0
1280.0 816.0 1300.0 805.0 1360.0 896.0 1334.0 909.0 large-vehicle 0
1308.0 811.0 1331.0 799.0 1390.0 892.0 1367.0 903.0 large-vehicle 0
1342.0 807.0 1360.0 796.0 1419.0 890.0 1398.0 903.0 large-vehicle 0
1373.0 806.0 1391.0 794.0 1452.0 889.0 1431.0 901.0 large-vehicle 0
1411.0 815.0 1429.0 800.0 1489.0 895.0 1468.0 907.0 large-vehicle 0
1440.0 810.0 1460.0 797.0 1519.0 888.0 1498.0 901.0 large-vehicle 0
1475.0 810.0 1492.0 800.0 1553.0 891.0 1533.0 903.0 large-vehicle 0
1510.0 811.0 1524.0 798.0 1589.0 895.0 1566.0 903.0 large-vehicle 0
1542.0 814.0 1563.0 800.0 1621.0 891.0 1601.0 907.0 large-vehicle 0
1575.0 811.0 1593.0 798.0 1653.0 892.0 1632.0 903.0 large-vehicle 0
1606.0 811.0 1626.0 800.0 1690.0 892.0 1663.0 904.0 large-vehicle 0
1678.0 816.0 1699.0 802.0 1760.0 898.0 1734.0 912.0 large-vehicle 0
1748.0 819.0 1767.0 809.0 1827.0 898.0 1803.0 911.0 large-vehicle 0
1077.0 811.0 1096.0 802.0 1157.0 894.0 1135.0 907.0 large-vehicle 0
1011.0 806.0 1030.0 796.0 1090.0 892.0 1067.0 902.0 large-vehicle 0
970.0 806.0 990.0 796.0 1049.0 883.0 1026.0 894.0 large-vehicle 0
605.0 801.0 621.0 790.0 684.0 884.0 662.0 896.0 large-vehicle 0
2089.0 782.0 2068.0 796.0 2013.0 713.0 2037.0 698.0 large-vehicle 0
2119.0 779.0 2097.0 791.0 2043.0 707.0 2064.0 690.0 large-vehicle 0
468.0 800.0 487.0 787.0 546.0 879.0 524.0 891.0 large-vehicle 0
502.0 801.0 520.0 788.0 581.0 882.0 558.0 893.0 large-vehicle 0
536.0 799.0 554.0 789.0 614.0 880.0 593.0 892.0 large-vehicle 0
574.0 804.0 594.0 796.0 652.0 886.0 632.0 900.0 large-vehicle 0
641.0 806.0 662.0 795.0 722.0 885.0 700.0 896.0 large-vehicle 0
908.0 806.0 925.0 794.0 993.0 886.0 969.0 899.0 large-vehicle 0
705.0 805.0 725.0 793.0 786.0 883.0 761.0 897.0 large-vehicle 0
740.0 805.0 761.0 793.0 819.0 886.0 796.0 899.0 large-vehicle 0
772.0 800.0 790.0 789.0 849.0 883.0 829.0 893.0 large-vehicle 0
804.0 800.0 825.0 791.0 883.0 886.0 863.0 896.0 large-vehicle 0
840.0 806.0 859.0 793.0 921.0 890.0 899.0 901.0 large-vehicle 0
875.0 805.0 894.0 793.0 956.0 889.0 936.0 899.0 large-vehicle 0
1711.0 814.0 1732.0 805.0 1790.0 895.0 1768.0 908.0 large-vehicle 0
1776.0 811.0 1795.0 799.0 1854.0 891.0 1834.0 903.0 large-vehicle 0
1819.0 827.0 1837.0 815.0 1898.0 907.0 1876.0 922.0 large-vehicle 0
1163.0 1105.0 1145.0 1094.0 1179.0 1043.0 1197.0 1053.0 large-vehicle 0
863.0 1106.0 843.0 1094.0 874.0 1044.0 894.0 1055.0 large-vehicle 0
896.0 1105.0 877.0 1095.0 909.0 1045.0 928.0 1056.0 large-vehicle 0
960.0 1108.0 940.0 1094.0 974.0 1045.0 995.0 1057.0 large-vehicle 0
996.0 1109.0 975.0 1094.0 1011.0 1043.0 1031.0 1054.0 large-vehicle 0
1100.0 1103.0 1078.0 1089.0 1113.0 1038.0 1136.0 1051.0 large-vehicle 0
1131.0 1104.0 1115.0 1093.0 1150.0 1040.0 1168.0 1052.0 large-vehicle 0
1198.0 1107.0 1178.0 1093.0 1213.0 1044.0 1232.0 1057.0 large-vehicle 0
769.0 1094.0 747.0 1082.0 783.0 1031.0 803.0 1042.0 large-vehicle 0
1235.0 1100.0 1216.0 1087.0 1252.0 1038.0 1271.0 1050.0 large-vehicle 0
1297.0 1111.0 1279.0 1096.0 1313.0 1048.0 1333.0 1061.0 large-vehicle 0
1398.0 1111.0 1376.0 1098.0 1409.0 1049.0 1432.0 1064.0 large-vehicle 0
1436.0 1108.0 1413.0 1094.0 1448.0 1043.0 1469.0 1056.0 large-vehicle 0
1466.0 1111.0 1449.0 1098.0 1481.0 1048.0 1502.0 1060.0 large-vehicle 0
1502.0 1108.0 1484.0 1095.0 1518.0 1045.0 1538.0 1057.0 large-vehicle 0
565.0 1098.0 543.0 1087.0 578.0 1035.0 600.0 1046.0 large-vehicle 0
531.0 1097.0 512.0 1086.0 544.0 1034.0 565.0 1046.0 large-vehicle 0
1843.0 814.0 1864.0 802.0 1919.0 893.0 1901.0 903.0 large-vehicle 0
221.0 1095.0 204.0 1083.0 238.0 1034.0 257.0 1048.0 large-vehicle 0
1880.0 818.0 1900.0 805.0 1958.0 895.0 1937.0 910.0 large-vehicle 0
1911.0 815.0 1931.0 804.0 1990.0 893.0 1968.0 905.0 large-vehicle 0
1943.0 813.0 1961.0 801.0 2023.0 893.0 2001.0 906.0 large-vehicle 0
1978.0 814.0 1996.0 802.0 2057.0 891.0 2036.0 904.0 large-vehicle 0
2013.0 816.0 2032.0 804.0 2090.0 894.0 2067.0 905.0 large-vehicle 0
2046.0 816.0 2066.0 805.0 2124.0 896.0 2100.0 909.0 large-vehicle 0
258.0 1101.0 236.0 1087.0 269.0 1037.0 291.0 1050.0 large-vehicle 0
495.0 1099.0 478.0 1087.0 511.0 1036.0 530.0 1049.0 large-vehicle 0
295.0 1102.0 271.0 1089.0 305.0 1037.0 328.0 1050.0 large-vehicle 0
330.0 1096.0 309.0 1083.0 343.0 1031.0 365.0 1046.0 large-vehicle 0
366.0 1096.0 345.0 1084.0 376.0 1031.0 398.0 1043.0 large-vehicle 0
397.0 1098.0 376.0 1087.0 411.0 1034.0 430.0 1048.0 large-vehicle 0
423.0 1104.0 404.0 1092.0 438.0 1040.0 458.0 1053.0 large-vehicle 0
466.0 1096.0 445.0 1083.0 478.0 1031.0 497.0 1044.0 large-vehicle 0
2054.0 780.0 2031.0 795.0 1976.0 708.0 2001.0 693.0 large-vehicle 0
2020.0 781.0 1999.0 792.0 1943.0 709.0 1965.0 693.0 large-vehicle 0
1981.0 773.0 1960.0 784.0 1905.0 699.0 1928.0 686.0 large-vehicle 0
1689.0 436.0 1713.0 448.0 1656.0 536.0 1634.0 521.0 large-vehicle 0
1241.0 406.0 1264.0 421.0 1207.0 507.0 1185.0 492.0 large-vehicle 0
1268.0 411.0 1291.0 427.0 1237.0 512.0 1214.0 498.0 large-vehicle 0
1297.0 419.0 1322.0 433.0 1266.0 519.0 1244.0 502.0 large-vehicle 0
1364.0 419.0 1388.0 431.0 1333.0 519.0 1308.0 503.0 large-vehicle 0
1430.0 421.0 1453.0 435.0 1397.0 521.0 1373.0 506.0 large-vehicle 0
1555.0 436.0 1579.0 449.0 1520.0 534.0 1500.0 518.0 large-vehicle 0
1719.0 442.0 1745.0 457.0 1687.0 545.0 1667.0 529.0 large-vehicle 0
1116.0 392.0 1141.0 405.0 1084.0 495.0 1059.0 480.0 large-vehicle 0
1783.0 448.0 1808.0 464.0 1753.0 547.0 1726.0 532.0 large-vehicle 0
1852.0 447.0 1874.0 459.0 1816.0 552.0 1795.0 538.0 large-vehicle 0
1913.0 452.0 1939.0 468.0 1881.0 559.0 1857.0 540.0 large-vehicle 0
1982.0 456.0 2006.0 469.0 1944.0 560.0 1922.0 542.0 large-vehicle 0
2014.0 454.0 2037.0 469.0 1981.0 560.0 1958.0 546.0 large-vehicle 0
2047.0 455.0 2071.0 467.0 2016.0 552.0 1997.0 539.0 large-vehicle 0
1212.0 399.0 1235.0 412.0 1178.0 502.0 1155.0 484.0 large-vehicle 0
1047.0 391.0 1071.0 406.0 1015.0 493.0 995.0 480.0 large-vehicle 0
2105.0 470.0 2129.0 485.0 2071.0 577.0 2048.0 560.0 large-vehicle 0
707.0 397.0 732.0 413.0 676.0 502.0 654.0 489.0 large-vehicle 0
513.0 386.0 535.0 400.0 485.0 483.0 463.0 466.0 large-vehicle 0
543.0 389.0 566.0 402.0 510.0 494.0 489.0 480.0 large-vehicle 0
577.0 390.0 598.0 403.0 542.0 496.0 520.0 481.0 large-vehicle 0
608.0 390.0 631.0 406.0 577.0 495.0 555.0 480.0 large-vehicle 0
642.0 388.0 666.0 400.0 614.0 490.0 590.0 477.0 large-vehicle 0
676.0 389.0 703.0 404.0 648.0 492.0 625.0 477.0 large-vehicle 0
778.0 390.0 803.0 403.0 748.0 495.0 726.0 480.0 large-vehicle 0
1011.0 393.0 1035.0 406.0 980.0 498.0 960.0 481.0 large-vehicle 0
809.0 391.0 834.0 404.0 775.0 494.0 757.0 483.0 large-vehicle 0
843.0 391.0 870.0 407.0 812.0 497.0 789.0 480.0 large-vehicle 0
866.0 420.0 883.0 434.0 831.0 519.0 810.0 506.0 large-vehicle 0
910.0 398.0 934.0 410.0 880.0 502.0 856.0 484.0 large-vehicle 0
943.0 393.0 969.0 406.0 915.0 494.0 896.0 481.0 large-vehicle 0
979.0 394.0 1003.0 407.0 948.0 494.0 927.0 479.0 large-vehicle 0
2072.0 470.0 2095.0 484.0 2034.0 576.0 2013.0 558.0 large-vehicle 0
2172.0 468.0 2196.0 482.0 2137.0 580.0 2114.0 563.0 large-vehicle 0
1952.0 781.0 1931.0 793.0 1875.0 709.0 1898.0 693.0 large-vehicle 0
1515.0 775.0 1494.0 787.0 1444.0 714.0 1466.0 697.0 large-vehicle 0
1149.0 774.0 1126.0 788.0 1069.0 697.0 1091.0 681.0 large-vehicle 0
1181.0 768.0 1155.0 782.0 1099.0 692.0 1121.0 677.0 large-vehicle 0
1216.0 770.0 1193.0 787.0 1132.0 691.0 1154.0 678.0 large-vehicle 0
1251.0 779.0 1230.0 789.0 1176.0 706.0 1197.0 690.0 large-vehicle 0
1284.0 779.0 1262.0 790.0 1208.0 704.0 1231.0 690.0 large-vehicle 0
1382.0 775.0 1358.0 786.0 1305.0 701.0 1327.0 687.0 large-vehicle 0
1648.0 777.0 1626.0 789.0 1580.0 713.0 1602.0 698.0 large-vehicle 0
1050.0 774.0 1027.0 787.0 969.0 695.0 993.0 682.0 large-vehicle 0
1753.0 782.0 1730.0 795.0 1676.0 709.0 1701.0 692.0 large-vehicle 0
1791.0 788.0 1769.0 800.0 1714.0 714.0 1737.0 699.0 large-vehicle 0
1821.0 782.0 1798.0 796.0 1746.0 707.0 1766.0 696.0 large-vehicle 0
1855.0 784.0 1836.0 795.0 1782.0 712.0 1802.0 700.0 large-vehicle 0
1887.0 784.0 1867.0 796.0 1811.0 711.0 1834.0 697.0 large-vehicle 0
1920.0 782.0 1898.0 795.0 1844.0 711.0 1865.0 698.0 large-vehicle 0
1112.0 768.0 1089.0 780.0 1030.0 689.0 1054.0 673.0 large-vehicle 0
1020.0 781.0 997.0 795.0 941.0 701.0 963.0 688.0 large-vehicle 0
2202.0 472.0 2228.0 486.0 2170.0 583.0 2147.0 567.0 large-vehicle 0
682.0 773.0 660.0 785.0 599.0 692.0 623.0 678.0 large-vehicle 0
2239.0 470.0 2262.0 484.0 2206.0 577.0 2184.0 563.0 large-vehicle 0
2266.0 481.0 2290.0 495.0 2236.0 589.0 2211.0 574.0 large-vehicle 0
2299.0 479.0 2326.0 493.0 2274.0 583.0 2249.0 568.0 large-vehicle 0
549.0 774.0 524.0 784.0 466.0 692.0 490.0 677.0 large-vehicle 0
582.0 771.0 556.0 783.0 499.0 691.0 521.0 678.0 large-vehicle 0
615.0 769.0 591.0 784.0 534.0 692.0 556.0 677.0 large-vehicle 0
718.0 776.0 693.0 788.0 638.0 698.0 660.0 683.0 large-vehicle 0
986.0 777.0 964.0 790.0 905.0 700.0 928.0 683.0 large-vehicle 0
750.0 775.0 728.0 786.0 670.0 696.0 690.0 685.0 large-vehicle 0
784.0 776.0 762.0 789.0 704.0 703.0 729.0 687.0 large-vehicle 0
817.0 775.0 795.0 787.0 738.0 697.0 760.0 684.0 large-vehicle 0
851.0 777.0 827.0 788.0 770.0 696.0 796.0 681.0 large-vehicle 0
883.0 775.0 859.0 786.0 804.0 695.0 826.0 680.0 large-vehicle 0
953.0 779.0 930.0 791.0 870.0 699.0 895.0 685.0 large-vehicle 0
1534.0 1113.0 1513.0 1099.0 1548.0 1050.0 1568.0 1061.0 large-vehicle 0
1564.0 1114.0 1546.0 1103.0 1581.0 1052.0 1598.0 1064.0 large-vehicle 0
1597.0 1117.0 1579.0 1104.0 1612.0 1054.0 1631.0 1065.0 large-vehicle 0
2380.0 587.0 2379.0 609.0 2292.0 615.0 2290.0 591.0 large-vehicle 0
1292.0 1601.0 1314.0 1600.0 1317.0 1648.0 1293.0 1648.0 small-vehicle 0
1103.0 1892.0 1125.0 1892.0 1127.0 1956.0 1104.0 1957.0 large-vehicle 0
1160.0 1893.0 1187.0 1891.0 1187.0 1954.0 1162.0 1952.0 large-vehicle 0
1192.0 1894.0 1212.0 1892.0 1217.0 1955.0 1192.0 1952.0 large-vehicle 0
1268.0 1917.0 1287.0 1915.0 1288.0 1957.0 1266.0 1957.0 small-vehicle 0
2268.0 72.0 2292.0 68.0 2308.0 101.0 2291.0 107.0 small-vehicle 0
2377.0 625.0 2376.0 647.0 2288.0 648.0 2289.0 626.0 large-vehicle 0
1310.0 1418.0 1329.0 1417.0 1330.0 1461.0 1309.0 1461.0 small-vehicle 0
2380.0 653.0 2381.0 674.0 2294.0 673.0 2294.0 652.0 large-vehicle 0
2382.0 682.0 2384.0 702.0 2292.0 702.0 2292.0 681.0 large-vehicle 0
2381.0 707.0 2382.0 727.0 2297.0 731.0 2292.0 710.0 large-vehicle 0
2384.0 739.0 2382.0 759.0 2297.0 754.0 2299.0 732.0 large-vehicle 0
2377.0 764.0 2378.0 786.0 2287.0 787.0 2289.0 765.0 large-vehicle 0
2382.0 791.0 2384.0 815.0 2293.0 817.0 2290.0 793.0 large-vehicle 0
974.0 1754.0 996.0 1755.0 997.0 1802.0 977.0 1802.0 small-vehicle 0
1164.0 1413.0 1184.0 1414.0 1183.0 1455.0 1165.0 1452.0 small-vehicle 0
2375.0 849.0 2375.0 869.0 2288.0 872.0 2288.0 850.0 large-vehicle 0
226.0 1646.0 205.0 1627.0 245.0 1582.0 262.0 1596.0 large-vehicle 0
596.0 1372.0 597.0 1391.0 498.0 1400.0 496.0 1377.0 large-vehicle 0
541.0 1467.0 521.0 1459.0 540.0 1404.0 563.0 1412.0 large-vehicle 0
51.0 1491.0 30.0 1476.0 71.0 1426.0 88.0 1442.0 large-vehicle 0
116.0 1546.0 96.0 1528.0 133.0 1482.0 152.0 1497.0 large-vehicle 0
176.0 1602.0 156.0 1587.0 197.0 1540.0 217.0 1555.0 large-vehicle 0
201.0 1622.0 183.0 1610.0 223.0 1561.0 240.0 1574.0 large-vehicle 0
333.0 1617.0 352.0 1603.0 395.0 1655.0 374.0 1669.0 large-vehicle 0
1139.0 1462.0 1160.0 1461.0 1160.0 1507.0 1139.0 1504.0 small-vehicle 0
748.0 1510.0 733.0 1507.0 731.0 1467.0 748.0 1462.0 small-vehicle 0
846.0 1461.0 827.0 1461.0 827.0 1419.0 847.0 1417.0 small-vehicle 0
825.0 1467.0 842.0 1467.0 843.0 1509.0 825.0 1507.0 small-vehicle 0
961.0 1471.0 982.0 1467.0 977.0 1508.0 960.0 1510.0 small-vehicle 0
997.0 1411.0 1017.0 1409.0 1017.0 1452.0 996.0 1453.0 small-vehicle 0
1040.0 1466.0 1064.0 1463.0 1067.0 1512.0 1042.0 1512.0 small-vehicle 0
2381.0 822.0 2381.0 843.0 2294.0 842.0 2295.0 819.0 large-vehicle 0
2378.0 876.0 2378.0 901.0 2292.0 900.0 2292.0 878.0 large-vehicle 0
208.0 620.0 208.0 598.0 308.0 599.0 307.0 621.0 large-vehicle 0
79.0 358.0 72.0 377.0 50.0 363.0 50.0 345.0 small-vehicle 1
2206.0 1926.0 2208.0 1910.0 2248.0 1911.0 2246.0 1928.0 small-vehicle 0
2124.0 1957.0 2125.0 1934.0 2235.0 1939.0 2234.0 1962.0 large-vehicle 0
1719.0 1750.0 1736.0 1751.0 1733.0 1789.0 1717.0 1787.0 small-vehicle 1
2117.0 1478.0 2135.0 1481.0 2124.0 1522.0 2107.0 1518.0 small-vehicle 0
1713.0 1444.0 1728.0 1444.0 1728.0 1482.0 1710.0 1482.0 small-vehicle 0
293.0 1720.0 281.0 1707.0 312.0 1679.0 324.0 1691.0 small-vehicle 0
73.0 331.0 63.0 349.0 49.0 341.0 50.0 321.0 small-vehicle 1
2361.0 1905.0 2359.0 1928.0 2255.0 1922.0 2258.0 1897.0 large-vehicle 0
78.0 310.0 68.0 325.0 53.0 311.0 53.0 295.0 small-vehicle 1
688.0 1460.0 703.0 1459.0 702.0 1499.0 684.0 1500.0 small-vehicle 0
690.0 1410.0 707.0 1410.0 706.0 1449.0 689.0 1449.0 small-vehicle 0
666.0 1418.0 686.0 1419.0 682.0 1461.0 662.0 1461.0 small-vehicle 0
663.0 1467.0 681.0 1469.0 680.0 1503.0 662.0 1503.0 small-vehicle 0
658.0 1463.0 639.0 1459.0 642.0 1419.0 661.0 1419.0 small-vehicle 0
2298.0 1945.0 2301.0 1925.0 2350.0 1929.0 2345.0 1947.0 small-vehicle 0
2359.0 1830.0 2361.0 1853.0 2267.0 1855.0 2267.0 1832.0 large-vehicle 0
2379.0 906.0 2377.0 928.0 2295.0 926.0 2297.0 904.0 large-vehicle 0
2376.0 1195.0 2377.0 1218.0 2311.0 1221.0 2311.0 1198.0 large-vehicle 0
2380.0 934.0 2380.0 956.0 2295.0 953.0 2296.0 932.0 large-vehicle 0
2380.0 961.0 2379.0 982.0 2296.0 982.0 2296.0 960.0 large-vehicle 0
2379.0 1017.0 2380.0 1042.0 2299.0 1040.0 2298.0 1016.0 large-vehicle 0
2379.0 1074.0 2382.0 1098.0 2301.0 1102.0 2301.0 1077.0 large-vehicle 0
2379.0 1106.0 2380.0 1128.0 2301.0 1130.0 2301.0 1108.0 large-vehicle 0
2380.0 1136.0 2383.0 1157.0 2303.0 1161.0 2304.0 1137.0 large-vehicle 0
2385.0 1553.0 2383.0 1575.0 2283.0 1564.0 2286.0 1542.0 large-vehicle 0
2354.0 1799.0 2352.0 1820.0 2254.0 1818.0 2255.0 1795.0 large-vehicle 0
2381.0 1583.0 2378.0 1605.0 2280.0 1594.0 2283.0 1571.0 large-vehicle 0
2379.0 1618.0 2376.0 1639.0 2278.0 1627.0 2282.0 1603.0 large-vehicle 0
2374.0 1648.0 2370.0 1668.0 2270.0 1656.0 2276.0 1635.0 large-vehicle 0
2372.0 1684.0 2371.0 1705.0 2273.0 1700.0 2275.0 1676.0 large-vehicle 0
2370.0 1719.0 2372.0 1742.0 2277.0 1737.0 2278.0 1714.0 large-vehicle 0
2362.0 1754.0 2363.0 1773.0 2271.0 1774.0 2272.0 1751.0 large-vehicle 0
188.0 649.0 190.0 625.0 290.0 627.0 290.0 649.0 large-vehicle 0
228.0 589.0 228.0 567.0 328.0 569.0 328.0 592.0 large-vehicle 0
1631.0 1116.0 1612.0 1103.0 1647.0 1053.0 1666.0 1065.0 large-vehicle 0
584.0 1127.0 605.0 1139.0 569.0 1193.0 549.0 1177.0 large-vehicle 0
391.0 1115.0 410.0 1125.0 375.0 1180.0 357.0 1164.0 large-vehicle 0
425.0 1111.0 446.0 1123.0 411.0 1177.0 394.0 1161.0 large-vehicle 0
455.0 1119.0 476.0 1130.0 443.0 1184.0 422.0 1169.0 large-vehicle 0
491.0 1118.0 511.0 1129.0 476.0 1182.0 456.0 1168.0 large-vehicle 0
524.0 1115.0 546.0 1124.0 514.0 1182.0 491.0 1165.0 large-vehicle 0
549.0 1122.0 574.0 1135.0 540.0 1190.0 520.0 1176.0 large-vehicle 0
620.0 1124.0 640.0 1137.0 606.0 1190.0 586.0 1174.0 large-vehicle 0
320.0 1112.0 342.0 1124.0 312.0 1177.0 289.0 1166.0 large-vehicle 0
656.0 1121.0 676.0 1132.0 644.0 1184.0 622.0 1170.0 large-vehicle 0
692.0 1118.0 711.0 1129.0 677.0 1184.0 659.0 1171.0 large-vehicle 0
724.0 1120.0 744.0 1131.0 715.0 1184.0 693.0 1171.0 large-vehicle 0
757.0 1119.0 778.0 1129.0 745.0 1185.0 726.0 1173.0 large-vehicle 0
791.0 1121.0 809.0 1131.0 777.0 1184.0 759.0 1172.0 large-vehicle 0
818.0 1128.0 840.0 1139.0 809.0 1191.0 785.0 1178.0 large-vehicle 0
350.0 1122.0 370.0 1134.0 338.0 1186.0 317.0 1172.0 large-vehicle 0
279.0 1126.0 302.0 1139.0 268.0 1192.0 245.0 1175.0 large-vehicle 0
961.0 1124.0 979.0 1136.0 941.0 1186.0 925.0 1172.0 large-vehicle 0
1935.0 1115.0 1917.0 1104.0 1954.0 1053.0 1971.0 1064.0 large-vehicle 0
1732.0 1116.0 1712.0 1101.0 1746.0 1051.0 1768.0 1065.0 large-vehicle 0
1770.0 1114.0 1750.0 1099.0 1785.0 1048.0 1806.0 1063.0 large-vehicle 0
1804.0 1119.0 1782.0 1108.0 1812.0 1055.0 1835.0 1066.0 large-vehicle 0
1835.0 1115.0 1816.0 1105.0 1852.0 1049.0 1871.0 1061.0 large-vehicle 0
1868.0 1117.0 1848.0 1105.0 1882.0 1054.0 1902.0 1065.0 large-vehicle 0
1903.0 1114.0 1885.0 1103.0 1918.0 1051.0 1937.0 1063.0 large-vehicle 0
1971.0 1116.0 1951.0 1107.0 1984.0 1055.0 2004.0 1065.0 large-vehicle 0
254.0 1112.0 274.0 1126.0 240.0 1179.0 219.0 1165.0 large-vehicle 0
2004.0 1114.0 1987.0 1103.0 2021.0 1051.0 2038.0 1062.0 large-vehicle 0
2035.0 1117.0 2015.0 1104.0 2052.0 1053.0 2070.0 1066.0 large-vehicle 0
2070.0 1114.0 2051.0 1102.0 2085.0 1051.0 2105.0 1062.0 large-vehicle 0
2101.0 1119.0 2084.0 1107.0 2118.0 1058.0 2137.0 1069.0 large-vehicle 0
177.0 1128.0 198.0 1143.0 163.0 1194.0 141.0 1179.0 large-vehicle 0
221.0 1112.0 242.0 1123.0 208.0 1177.0 186.0 1163.0 large-vehicle 0
924.0 1116.0 944.0 1125.0 912.0 1181.0 893.0 1169.0 large-vehicle 0
995.0 1120.0 1013.0 1131.0 979.0 1184.0 960.0 1171.0 large-vehicle 0
265.0 533.0 266.0 510.0 368.0 510.0 369.0 532.0 large-vehicle 0
1929.0 1132.0 1948.0 1145.0 1915.0 1196.0 1895.0 1182.0 large-vehicle 0
1734.0 1126.0 1753.0 1140.0 1717.0 1189.0 1699.0 1174.0 large-vehicle 0
1761.0 1138.0 1783.0 1150.0 1746.0 1201.0 1727.0 1186.0 large-vehicle 0
1796.0 1133.0 1818.0 1144.0 1786.0 1198.0 1763.0 1183.0 large-vehicle 0
1827.0 1130.0 1850.0 1142.0 1817.0 1196.0 1795.0 1184.0 large-vehicle 0
1863.0 1130.0 1884.0 1141.0 1852.0 1195.0 1831.0 1180.0 large-vehicle 0
1898.0 1130.0 1920.0 1141.0 1886.0 1193.0 1865.0 1182.0 large-vehicle 0
1965.0 1133.0 1983.0 1143.0 1950.0 1196.0 1930.0 1181.0 large-vehicle 0
1663.0 1126.0 1685.0 1137.0 1651.0 1192.0 1630.0 1178.0 large-vehicle 0
1998.0 1130.0 2018.0 1140.0 1985.0 1193.0 1966.0 1183.0 large-vehicle 0
2030.0 1129.0 2052.0 1141.0 2019.0 1197.0 1998.0 1184.0 large-vehicle 0
2065.0 1128.0 2087.0 1142.0 2050.0 1196.0 2031.0 1182.0 large-vehicle 0
2098.0 1134.0 2120.0 1149.0 2082.0 1199.0 2063.0 1185.0 large-vehicle 0
339.0 111.0 334.0 95.0 376.0 89.0 378.0 105.0 small-vehicle 0
331.0 137.0 328.0 123.0 366.0 115.0 369.0 130.0 small-vehicle 0
1693.0 1135.0 1713.0 1148.0 1677.0 1202.0 1658.0 1188.0 large-vehicle 0
1597.0 1127.0 1617.0 1137.0 1583.0 1191.0 1564.0 1180.0 large-vehicle 0
1024.0 1126.0 1044.0 1140.0 1009.0 1189.0 991.0 1175.0 large-vehicle 0
1294.0 1126.0 1312.0 1139.0 1278.0 1190.0 1260.0 1180.0 large-vehicle 0
1058.0 1124.0 1079.0 1135.0 1047.0 1186.0 1026.0 1173.0 large-vehicle 0
1126.0 1122.0 1146.0 1135.0 1112.0 1187.0 1091.0 1174.0 large-vehicle 0
1157.0 1125.0 1177.0 1137.0 1144.0 1190.0 1123.0 1177.0 large-vehicle 0
1191.0 1126.0 1209.0 1139.0 1174.0 1190.0 1156.0 1179.0 large-vehicle 0
1223.0 1129.0 1244.0 1142.0 1206.0 1196.0 1188.0 1181.0 large-vehicle 0
1259.0 1126.0 1278.0 1137.0 1244.0 1191.0 1225.0 1179.0 large-vehicle 0
1323.0 1129.0 1344.0 1141.0 1311.0 1193.0 1292.0 1179.0 large-vehicle 0
1561.0 1125.0 1583.0 1137.0 1549.0 1190.0 1530.0 1178.0 large-vehicle 0
1357.0 1130.0 1380.0 1140.0 1346.0 1194.0 1324.0 1182.0 large-vehicle 0
1392.0 1128.0 1414.0 1140.0 1379.0 1192.0 1362.0 1180.0 large-vehicle 0
1430.0 1123.0 1449.0 1136.0 1417.0 1188.0 1396.0 1174.0 large-vehicle 0
1460.0 1127.0 1482.0 1139.0 1447.0 1193.0 1427.0 1179.0 large-vehicle 0
1495.0 1126.0 1515.0 1137.0 1480.0 1189.0 1461.0 1177.0 large-vehicle 0
1527.0 1128.0 1547.0 1139.0 1514.0 1193.0 1494.0 1181.0 large-vehicle 0
474.0 388.0 501.0 401.0 445.0 492.0 421.0 476.0 large-vehicle 0
